$ 1 0.000005 10.20027730826997 50 5 50 5e-11
g 288 368 288 400 0 0
r 288 368 288 288 0 27000
r 288 288 288 192 0 18000
R 288 192 224 192 0 2 40 30 30 0 0.5
r 288 288 400 288 0 1000
d 400 288 400 192 2 default
d 400 368 400 288 2 default
r 400 288 512 288 0 39000
c 512 288 512 368 0 2.2000000000000002e-8 0.07512029953697245 0.001
401 608 304 736 304 1 8\s15\s-15\s1000000\s12\s0.07512029953697245\s100000 0\s20\s10000000000 1\s0
R 400 192 400 128 0 0 40 12 0 0 0.5
R 608 320 608 384 0 0 40 12 0 0 0.5
r 736 304 736 208 0 10000
R 736 208 736 144 0 0 40 5 0 0 0.5
183 736 304 896 304 0 0.5 1.66 3.33 5 0
w 288 368 400 368 0
w 400 368 512 368 0
w 512 288 608 288 0
p 896 304 896 384 3 0 0
g 896 384 896 416 0 0
p 512 288 512 192 3 0 0
g 512 192 512 160 0 0
403 448 432 576 496 0 20_64_0_4098_20_0.1_-1_1
403 944 352 1072 416 0 18_64_0_4098_5_0.1_-1_1
R 272 624 224 624 0 1 40 2.5 2.5 0 0.5
r 272 624 272 704 0 22000
r 272 704 384 704 0 1000
R 384 624 384 576 0 0 40 3.3 0 0 0.5
g 272 784 272 832 0 0
403 112 656 240 720 0 24_64_0_4099_5_0.0001953125_-1_2_24_3
d 384 704 384 624 2 1N4148
d 384 784 384 704 2 1N4148
p 576 704 720 704 3 0 0
403 560 592 688 656 0 32_64_0_4098_5_0.1_-1_1
34 zener-3.3 1 1.7143528192810002e-7 0 2.0000000000000084 3.3 1
z 576 784 576 704 2 zener-3.3
w 480 784 576 784 0
w 576 784 720 784 0
w 720 704 720 784 0
r 384 704 464 704 0 1000
w 464 704 576 704 0
c 464 704 464 784 0 1e-8 0.02329628434293417 0.001
w 480 784 464 784 0
w 464 784 384 784 0
w 384 784 272 784 0
r 272 704 272 784 0 39000
R 976 624 928 624 0 1 40 7.5 7.5 0 0.5
r 976 624 976 704 0 68000
r 976 704 976 784 0 18000
r 976 704 1072 704 0 1000
r 1072 704 1152 704 0 1000
g 976 784 976 816 0 0
d 1072 704 1072 624 2 default
d 1072 784 1072 704 2 default
c 1152 704 1152 784 0 1e-8 0.024264980791055987 0.001
34 zener-3.3-2 1 1.7143528192810002e-7 0 2.0000000000000084 3.3 1
z 1232 784 1232 704 2 zener-3.3-2
w 976 784 1072 784 0
w 1072 784 1152 784 0
w 1152 784 1232 784 0
w 1152 704 1232 704 0
p 1296 704 1296 784 3 0 0
R 1072 624 1072 576 0 0 40 3.3 0 0 0.5
w 1232 704 1296 704 0
w 1232 784 1296 784 0
403 816 656 944 720 0 45_64_0_4099_20_0.0001953125_-1_2_45_3
403 1232 608 1360 672 0 59_64_0_4098_5_0.1_-1_1
