$ 1 0.000005 10.20027730826997 50 5 50 5e-11
r 208 144 304 144 0 39000
c 304 144 304 256 0 2.2000000000000002e-8 33.83877184915997 0.001
r 368 144 368 256 0 120000
w 304 144 368 144 0
w 304 256 368 256 0
R 208 144 144 144 0 1 40 30 30 0 0.5
g 304 256 304 288 0 0
p 448 144 448 256 3 0 0
w 368 144 448 144 0
w 368 256 448 256 0
403 912 288 1040 352 0 5_64_0_4099_80_0.0015625_-1_2_5_3_ECU
403 912 368 1040 432 0 7_64_0_4098_80_0.1_-1_1_tachometer
w 208 144 208 384 0
w 208 384 256 384 0
S 256 384 320 384 0 1 false 0 2
w 320 400 352 400 0
r 352 400 352 496 0 47000
r 352 496 352 576 0 68000
r 352 496 448 496 0 39000
d 544 576 544 496 2 default
d 544 496 544 400 2 default
c 448 496 448 576 0 2.2000000000000002e-8 14.348912371922177 0.001
w 352 576 448 576 0
w 448 576 544 576 0
g 352 576 352 608 0 0
401 672 512 784 512 1 8\s15\s-15\s1000000\s14\s14.348912371922177\s100000 0\s20\s10000000000 1\s0
183 784 512 896 512 0 0.5 1 1.75 3.3 0
r 784 512 784 448 0 10000
R 544 400 544 352 0 0 40 14 0 0 0.5
R 784 448 784 384 0 0 40 3.3 0 0 0.5
R 672 528 672 576 0 0 40 14 0 0 0.5
p 896 512 896 592 3 0 0
g 896 592 896 624 0 0
403 912 464 1040 528 0 31_64_0_4354_5_0.1_-1_1_MCU
w 544 496 576 496 0
w 640 496 672 496 0
w 576 496 640 496 0
r 240 432 240 496 0 22000
r 240 496 240 560 0 39000
r 272 736 272 832 0 33000
r 272 832 272 944 0 10000
r 272 832 368 832 0 100
d 368 944 368 832 2 default
d 368 832 368 736 2 default
r 368 832 464 832 0 560
c 464 832 464 944 0 1e-8 0.0015191668161045235 0.001
w 272 944 368 944 0
w 368 944 464 944 0
R 144 720 80 720 0 0 40 14 0 0 0.5
R 368 736 368 688 0 0 40 3.3 0 0 0.5
g 272 944 272 992 0 0
p 608 832 608 944 3 0 0
403 480 736 608 800 0 51_64_0_4354_0.00244140625_0.1_-1_1
r 528 832 528 944 0 100000
w 224 736 272 736 0
w 464 832 528 832 0
w 528 832 608 832 0
w 464 944 528 944 0
w 528 944 608 944 0
r 832 832 896 832 0 100
d 896 832 896 752 2 default
d 896 912 896 832 2 default
r 896 832 976 832 0 1000
c 976 832 976 912 0 1e-8 0.03592095965867556 0.001
r 976 832 976 752 0 100000
p 1056 832 1056 912 3 0 0
w 976 832 1056 832 0
w 896 912 976 912 0
w 976 912 1056 912 0
w 896 752 976 752 0
R 976 752 976 704 0 0 40 3.3 0 0 0.5
S 784 848 832 848 0 0 false 0 2
w 784 848 752 848 0
w 752 848 752 912 0
w 752 912 896 912 0
g 752 912 752 944 0 0
403 1040 736 1168 800 0 65_64_0_4354_0.0390625_0.1_-1_1
r 272 1136 272 1200 0 47000
r 272 1200 272 1264 0 10000
d 352 1264 352 1200 2 1N5711
d 352 1200 352 1136 2 1N5711
r 352 1200 448 1200 0 1000
c 448 1200 448 1264 0 1e-8 0.7999739275542574 0.001
34 zener-3.3 1 1.7143528192810002e-7 0 2.0000000000000084 3.3 1
z 528 1264 528 1200 2 zener-3.3
w 272 1264 352 1264 0
w 352 1264 448 1264 0
w 448 1264 528 1264 0
w 528 1264 608 1264 0
w 448 1200 528 1200 0
p 608 1200 608 1264 3 0 0
w 528 1200 608 1200 0
R 272 1136 224 1136 0 1 40 2.5 2.5 0 0.5
R 352 1136 352 1088 0 0 40 3.3 0 0 0.5
403 544 1120 672 1184 0 89_64_0_4354_1.25_0.1_-1_1
403 48 1104 176 1168 0 91_64_0_4099_5_0.00009765625_-1_2_91_3
g 272 1264 272 1296 0 0
S 224 736 144 736 0 0 false 0 2
r 928 1104 928 1168 0 270000
r 928 1168 928 1232 0 22000
r 928 1168 1040 1168 0 100
d 1040 1168 1040 1104 2 default
d 1040 1232 1040 1168 2 default
c 1088 1168 1088 1232 0 1e-8 0.18565858897457171 0.001
401 1200 1184 1296 1184 1 8\s15\s-15\s1000000\s0.9568813739010855\s0.18565858897457171\s100000 0\s20\s10000000000 1\s0
w 1040 1168 1088 1168 0
w 1088 1168 1200 1168 0
c 1200 1248 1296 1248 0 1e-9 -2.24124084415182 0.001
r 1200 1296 1296 1296 0 220000
w 1200 1200 1200 1248 0
w 1200 1248 1200 1296 0
w 1296 1296 1296 1248 0
w 1296 1248 1296 1184 0
r 1296 1184 1296 1104 0 10000
w 928 1232 1040 1232 0
w 1040 1232 1088 1232 0
g 928 1232 928 1264 0 0
R 928 1104 928 1056 0 1 20 20 20 0 0.5
R 1040 1104 1040 1056 0 0 40 3.3 0 0 0.5
R 1120 1296 1120 1264 0 0 40 3.3 0 0 0.5
r 1120 1296 1120 1344 0 22000
r 1120 1344 1120 1392 0 8200
g 1120 1392 1120 1408 0 0
w 1120 1344 1200 1344 0
w 1200 1344 1200 1296 0
R 1296 1104 1296 1056 0 0 40 3.3 0 0 0.5
r 1296 1184 1376 1184 0 1000
p 1376 1184 1376 1248 3 0 0
g 1376 1248 1376 1280 0 0
403 1360 1088 1488 1152 0 126_64_0_4354_5_0.1_-1_1
403 752 1040 880 1104 0 116_64_0_4355_40_0.0001953125_-1_2_116_3
p 864 1168 864 1232 3 0 0
p 1200 1344 1200 1392 3 0 0
w 864 1168 928 1168 0
w 864 1232 928 1232 0
w 1120 1392 1200 1392 0
403 1248 1392 1376 1456 0 131_64_0_4354_2.5_0.1_-1_1
403 768 1264 896 1328 0 130_64_0_4354_5_0.1_-1_1
c 1056 1344 1056 1392 0 1.0000000000000001e-7 0.9568813739010855 0.001
w 1056 1344 1120 1344 0
w 1056 1392 1120 1392 0
w 272 1200 352 1200 0
w 448 496 544 496 0
