$ 1 0.000005 10.20027730826997 50 5 50 5e-11
R 176 416 128 416 0 2 40 30 30 0 0.5
r 176 416 176 528 0 18000
r 176 528 176 624 0 27000
r 176 528 272 528 0 39000
c 272 528 272 624 0 2.2000000000000002e-8 0.007546184898680058 0.001
d 384 528 384 448 2 default
d 384 624 384 528 2 default
w 272 528 384 528 0
R 384 448 384 400 0 0 40 12 0 0 0.5
p 464 528 464 624 3 0 0
w 176 624 272 624 0
w 272 624 384 624 0
w 384 624 464 624 0
w 384 528 464 528 0
g 176 624 176 656 0 0
S 688 688 608 688 0 0 false 0 2
R 176 768 128 768 0 2 40 30 30 0 0.5
r 176 768 176 864 0 18000
r 176 864 176 944 0 27000
g 176 944 176 976 0 0
r 176 864 256 864 0 39000
c 256 864 256 944 0 2.2000000000000002e-8 0.0003619031406030709 0.001
34 fwdrop\q0.806 1 1.7143528192810002e-7 0 2.0000000000000084 30 1
z 352 944 352 864 2 fwdrop\q0.806
w 176 944 256 944 0
w 256 944 352 944 0
w 256 864 352 864 0
p 448 864 448 944 3 0 0
w 352 864 448 864 0
w 352 944 448 944 0
w 464 528 608 528 0
w 608 528 608 672 0
w 608 704 608 864 0
w 608 864 448 864 0
401 688 704 800 704 1 8\s15\s-15\s1000000\s12\s0.0003619031406030709\s100000 0\s20\s10000000000 1\s0
r 800 704 800 624 0 10000
R 800 624 800 576 0 0 40 5 0 0 0.5
R 688 720 688 784 0 0 40 12 0 0 0.5
183 848 704 960 704 0 0.5 1.66 3.33 5 0
w 800 704 848 704 0
p 960 704 960 816 3 0 0
g 960 816 960 880 0 0
403 624 480 752 544 0 9_64_0_4098_20_0.1_-1_1
403 624 832 752 896 0 26_64_0_4098_40_0.1_-1_1
403 1024 672 1152 736 0 39_64_0_4098_5_0.1_-1_1
